<TICKER>,<PER>,<DATE>,<TIME>,<OPEN>,<HIGH>,<LOW>,<CLOSE>,<VOL>
US1.ATVI,1,20200505,093100,67.6700000,67.7100000,67.4800000,67.4800000,14223
US1.ATVI,1,20200505,093200,67.3400000,67.4800000,67.2300000,67.4300000,5523
US1.ATVI,1,20200505,093300,67.3100000,67.5600000,67.3100000,67.4800000,3616
US1.ATVI,1,20200505,093400,67.5000000,67.5400000,67.3300000,67.3800000,5389
US1.ATVI,1,20200505,093500,67.4500000,67.4500000,67.2100000,67.2200000,3238
US1.ATVI,1,20200505,093600,67.2400000,67.2500000,67.1400000,67.1600000,5097
US1.ATVI,1,20200505,093700,67.1400000,67.1500000,67.0400000,67.1000000,5090
US1.ATVI,1,20200505,093800,67.0400000,67.1200000,66.9700000,67.0800000,5001
US1.ATVI,1,20200505,093900,67.0600000,67.1800000,67.0400000,67.1500000,2123
US1.ATVI,1,20200505,094000,67.1200000,67.1700000,67.1100000,67.1100000,1800
US1.ATVI,1,20200505,094100,67.0600000,67.3500000,67.0400000,67.2900000,5799
US1.ATVI,1,20200505,094200,67.2700000,67.2700000,67.0500000,67.1900000,8969
US1.ATVI,1,20200505,094300,67.1900000,67.2700000,67.1400000,67.2500000,6056
US1.ATVI,1,20200505,094400,67.2600000,67.3100000,67.2600000,67.2700000,2000
US1.ATVI,1,20200505,094500,67.2800000,67.3800000,67.2800000,67.3800000,1300
US1.ATVI,1,20200505,094600,67.3500000,67.4100000,67.3250000,67.3900000,3674
US1.ATVI,1,20200505,094700,67.4200000,67.5200000,67.4100000,67.5200000,3325
US1.ATVI,1,20200505,094800,67.5750000,67.5900000,67.5100000,67.5800000,1900
US1.ATVI,1,20200505,094900,67.5700000,67.5950000,67.5400000,67.5800000,2000
US1.ATVI,1,20200505,095000,67.5500000,67.6900000,67.5400000,67.6800000,4437
US1.ATVI,1,20200505,095100,67.6600000,67.6700000,67.4500000,67.4500000,2200
US1.ATVI,1,20200505,095200,67.4700000,67.4800000,67.3800000,67.4000000,2232
US1.ATVI,1,20200505,095300,67.3700000,67.4100000,67.3400000,67.4100000,1000
US1.ATVI,1,20200505,095400,67.4300000,67.4500000,67.4100000,67.4100000,1050
US1.ATVI,1,20200505,095500,67.4100000,67.4700000,67.4100000,67.4300000,1700
US1.ATVI,1,20200505,095600,67.4300000,67.4400000,67.3400000,67.4200000,3112
US1.ATVI,1,20200505,095700,67.4300000,67.5100000,67.4300000,67.5100000,1500
US1.ATVI,1,20200505,095800,67.5300000,67.5300000,67.4700000,67.5000000,3017
US1.ATVI,1,20200505,095900,67.5000000,67.5000000,67.4250000,67.4400000,3204
US1.ATVI,1,20200505,100000,67.4800000,67.5500000,67.4800000,67.5300000,1100
US1.ATVI,1,20200505,100100,67.5000000,67.5200000,67.4700000,67.5000000,1400
US1.ATVI,1,20200505,100200,67.5100000,67.5100000,67.4500000,67.4500000,2126
US1.ATVI,1,20200505,100300,67.5150000,67.6200000,67.5150000,67.6200000,3030
US1.ATVI,1,20200505,100400,67.6100000,67.6800000,67.6100000,67.6800000,2200
US1.ATVI,1,20200505,100500,67.6700000,67.6700000,67.5400000,67.5400000,2745
US1.ATVI,1,20200505,100600,67.4600000,67.5100000,67.4600000,67.5000000,6345
US1.ATVI,1,20200505,100700,67.5100000,67.5300000,67.5000000,67.5300000,18622
US1.ATVI,1,20200505,100800,67.5800000,67.6300000,67.5800000,67.6100000,2086
US1.ATVI,1,20200505,100900,67.6200000,67.6600000,67.6200000,67.6500000,1400
US1.ATVI,1,20200505,101000,67.6500000,67.7200000,67.6400000,67.7100000,2574
US1.ATVI,1,20200505,101100,67.6900000,67.7200000,67.6900000,67.7000000,2098
US1.ATVI,1,20200505,101200,67.6950000,67.7400000,67.6900000,67.7400000,8157
US1.ATVI,1,20200505,101300,67.7500000,67.8000000,67.7500000,67.8000000,1754
US1.ATVI,1,20200505,101400,67.8050000,67.8200000,67.7900000,67.7950000,9917
US1.ATVI,1,20200505,101500,67.8000000,67.8100000,67.7700000,67.7900000,3224
US1.ATVI,1,20200505,101600,67.7400000,67.7600000,67.7000000,67.7600000,2960
US1.ATVI,1,20200505,101700,67.7700000,67.8000000,67.7550000,67.7700000,1500
US1.ATVI,1,20200505,101800,67.7700000,67.7700000,67.7400000,67.7600000,6700
US1.ATVI,1,20200505,101900,67.7650000,67.7800000,67.7500000,67.7800000,5551
US1.ATVI,1,20200505,102000,67.7800000,67.8600000,67.7800000,67.8500000,4037
US1.ATVI,1,20200505,102100,67.8450000,67.8700000,67.8300000,67.8600000,1427
US1.ATVI,1,20200505,102200,67.8700000,67.8950000,67.8400000,67.8900000,2454
US1.ATVI,1,20200505,102300,67.9300000,67.9300000,67.8200000,67.8200000,5300
US1.ATVI,1,20200505,102400,67.8200000,67.8200000,67.5900000,67.6400000,4836
US1.ATVI,1,20200505,102500,67.6400000,67.6500000,67.6000000,67.6000000,1300
US1.ATVI,1,20200505,102600,67.6200000,67.6650000,67.6000000,67.6200000,1757
US1.ATVI,1,20200505,102700,67.6300000,67.6300000,67.6000000,67.6000000,3415
US1.ATVI,1,20200505,102800,67.6100000,67.6100000,67.5300000,67.5300000,2555
US1.ATVI,1,20200505,102900,67.5100000,67.5100000,67.4400000,67.4400000,1242
US1.ATVI,1,20200505,103000,67.4300000,67.5200000,67.4300000,67.5100000,1725
US1.ATVI,1,20200505,103100,67.5100000,67.7300000,67.5100000,67.7100000,3800
US1.ATVI,1,20200505,103200,67.7200000,67.7600000,67.7100000,67.7600000,2835
US1.ATVI,1,20200505,103300,67.7600000,67.7900000,67.7600000,67.7700000,1006
US1.ATVI,1,20200505,103400,67.7700000,67.7900000,67.7700000,67.7850000,3246
US1.ATVI,1,20200505,103500,67.7700000,67.7900000,67.7600000,67.7900000,640
US1.ATVI,1,20200505,103600,67.7800000,67.7800000,67.7300000,67.7500000,1873
US1.ATVI,1,20200505,103700,67.7200000,67.7200000,67.5800000,67.5800000,900
US1.ATVI,1,20200505,103800,67.5200000,67.5500000,67.5200000,67.5400000,3505
US1.ATVI,1,20200505,103900,67.5350000,67.6700000,67.5200000,67.6700000,5650
US1.ATVI,1,20200505,104000,67.6450000,67.6900000,67.6100000,67.6600000,2798
US1.ATVI,1,20200505,104100,67.6600000,67.6900000,67.5500000,67.5600000,4600
US1.ATVI,1,20200505,104200,67.5500000,67.5800000,67.5500000,67.5600000,2100
US1.ATVI,1,20200505,104300,67.5800000,67.6300000,67.5800000,67.6000000,1000
US1.ATVI,1,20200505,104400,67.6000000,67.6200000,67.6000000,67.6200000,600
US1.ATVI,1,20200505,104500,67.6500000,67.8200000,67.6500000,67.8200000,1979
US1.ATVI,1,20200505,104600,67.8600000,67.9000000,67.8600000,67.8800000,600
US1.ATVI,1,20200505,104700,67.8750000,67.8800000,67.8200000,67.8200000,1600
US1.ATVI,1,20200505,104800,67.8150000,67.8150000,67.7800000,67.7900000,1234
US1.ATVI,1,20200505,104900,67.7600000,67.7700000,67.7000000,67.7700000,1842
US1.ATVI,1,20200505,105000,67.7950000,67.7950000,67.7400000,67.7400000,300
US1.ATVI,1,20200505,105100,67.8500000,67.8900000,67.8350000,67.8900000,2100
US1.ATVI,1,20200505,105200,67.8800000,67.9100000,67.8800000,67.9100000,1690
US1.ATVI,1,20200505,105300,67.9100000,68.0700000,67.9100000,68.0700000,7588
US1.ATVI,1,20200505,105400,68.0850000,68.1500000,68.0300000,68.1500000,2400
US1.ATVI,1,20200505,105500,68.1600000,68.2100000,68.1400000,68.1600000,2564
US1.ATVI,1,20200505,105600,68.1700000,68.3000000,68.1700000,68.2800000,3021
US1.ATVI,1,20200505,105700,68.2300000,68.2500000,68.2200000,68.2400000,2395
US1.ATVI,1,20200505,105800,68.2400000,68.3300000,68.2400000,68.3300000,500
US1.ATVI,1,20200505,105900,68.3900000,68.4000000,68.3500000,68.3600000,2272
US1.ATVI,1,20200505,110000,68.3600000,68.4000000,68.3300000,68.4000000,2261
US1.ATVI,1,20200505,110100,68.3900000,68.4000000,68.3400000,68.3800000,1500
US1.ATVI,1,20200505,110200,68.3250000,68.3300000,68.3000000,68.3100000,900
US1.ATVI,1,20200505,110300,68.3150000,68.3300000,68.2400000,68.2400000,1839
US1.ATVI,1,20200505,110400,68.2500000,68.3900000,68.2500000,68.2700000,2781
US1.ATVI,1,20200505,110500,68.2650000,68.2650000,68.2200000,68.2200000,1347
US1.ATVI,1,20200505,110600,68.2000000,68.2200000,68.1300000,68.1300000,2247
US1.ATVI,1,20200505,110700,68.1300000,68.1400000,68.1100000,68.1100000,1626
US1.ATVI,1,20200505,110800,68.1300000,68.1300000,68.0400000,68.0400000,1200
US1.ATVI,1,20200505,110900,68.0200000,68.0400000,68.0200000,68.0200000,1000
US1.ATVI,1,20200505,111000,68.0600000,68.1300000,68.0600000,68.1300000,1500
US1.ATVI,1,20200505,111100,68.1300000,68.1700000,68.1300000,68.1500000,1514
US1.ATVI,1,20200505,111200,68.1800000,68.1800000,68.1400000,68.1500000,1499
US1.ATVI,1,20200505,111300,68.2250000,68.3200000,68.2250000,68.2700000,2236
US1.ATVI,1,20200505,111400,68.2700000,68.2900000,68.1200000,68.1200000,2247
US1.ATVI,1,20200505,111500,68.1300000,68.1800000,68.1300000,68.1800000,1397
US1.ATVI,1,20200505,111600,68.1700000,68.1900000,68.1700000,68.1900000,1241
US1.ATVI,1,20200505,111700,68.2000000,68.2100000,68.1700000,68.1900000,1500
US1.ATVI,1,20200505,111800,68.2200000,68.3200000,68.2200000,68.3100000,1000
US1.ATVI,1,20200505,111900,68.3000000,68.3300000,68.2900000,68.2900000,2733
US1.ATVI,1,20200505,112000,68.2800000,68.2800000,68.1500000,68.1700000,4000
US1.ATVI,1,20200505,112100,68.1700000,68.1800000,68.1350000,68.1800000,1600
US1.ATVI,1,20200505,112200,68.2150000,68.2150000,68.1850000,68.1900000,500
US1.ATVI,1,20200505,112300,68.2400000,68.2500000,68.2000000,68.2100000,1600
US1.ATVI,1,20200505,112400,68.2100000,68.2400000,68.2100000,68.2400000,600
US1.ATVI,1,20200505,112500,68.2250000,68.2300000,68.1700000,68.1800000,702
US1.ATVI,1,20200505,112600,68.1800000,68.1800000,68.1300000,68.1300000,1398
US1.ATVI,1,20200505,112700,68.1100000,68.1100000,68.0200000,68.0400000,1200
US1.ATVI,1,20200505,112800,68.0700000,68.0800000,68.0500000,68.0500000,690
US1.ATVI,1,20200505,112900,68.0600000,68.0800000,68.0600000,68.0600000,600
US1.ATVI,1,20200505,113000,68.0250000,68.0900000,68.0250000,68.0900000,800
US1.ATVI,1,20200505,113100,68.0900000,68.1000000,68.0700000,68.0700000,500
US1.ATVI,1,20200505,113200,68.0400000,68.0650000,68.0300000,68.0300000,1600
US1.ATVI,1,20200505,113300,68.0150000,68.0300000,67.9750000,67.9950000,2100
US1.ATVI,1,20200505,113400,67.9900000,68.0000000,67.9550000,68.0000000,1200
US1.ATVI,1,20200505,113500,68.0000000,68.0000000,67.9700000,67.9700000,700
US1.ATVI,1,20200505,113600,67.9750000,67.9750000,67.9350000,67.9600000,2400
US1.ATVI,1,20200505,113700,67.9600000,68.0000000,67.9600000,68.0000000,1700
US1.ATVI,1,20200505,113800,67.9800000,68.0000000,67.9800000,68.0000000,1400
US1.ATVI,1,20200505,113900,67.9800000,68.0100000,67.9800000,68.0100000,7900
US1.ATVI,1,20200505,114000,68.0200000,68.0400000,68.0150000,68.0400000,800
US1.ATVI,1,20200505,114100,68.0600000,68.1050000,68.0200000,68.0700000,4344
US1.ATVI,1,20200505,114200,68.0900000,68.1600000,68.0900000,68.1600000,800
US1.ATVI,1,20200505,114300,68.1300000,68.1700000,68.1000000,68.1700000,755
US1.ATVI,1,20200505,114400,68.1400000,68.1400000,68.1300000,68.1300000,600
US1.ATVI,1,20200505,114500,68.1500000,68.2200000,68.1500000,68.2200000,1000
US1.ATVI,1,20200505,114600,68.1900000,68.2200000,68.1700000,68.2200000,4000
US1.ATVI,1,20200505,114700,68.2100000,68.2700000,68.2100000,68.2600000,2000
US1.ATVI,1,20200505,114800,68.2300000,68.2300000,68.1650000,68.1700000,1184
US1.ATVI,1,20200505,114900,68.1900000,68.1950000,68.1900000,68.1950000,600
US1.ATVI,1,20200505,115000,68.1800000,68.1800000,68.1600000,68.1800000,700
US1.ATVI,1,20200505,115100,68.1900000,68.2000000,68.1600000,68.2000000,390
US1.ATVI,1,20200505,115200,68.2200000,68.2600000,68.1800000,68.1900000,1100
US1.ATVI,1,20200505,115300,68.1300000,68.1600000,68.1300000,68.1600000,200
US1.ATVI,1,20200505,115400,68.1400000,68.1500000,67.9700000,67.9700000,6302
US1.ATVI,1,20200505,115500,67.9800000,67.9800000,67.9100000,67.9100000,1550
US1.ATVI,1,20200505,115600,67.9300000,67.9800000,67.9300000,67.9800000,700
US1.ATVI,1,20200505,115700,67.9900000,68.0400000,67.9900000,68.0400000,300
US1.ATVI,1,20200505,115800,68.0300000,68.0300000,68.0100000,68.0100000,800
US1.ATVI,1,20200505,115900,68.0400000,68.0800000,68.0400000,68.0700000,800
US1.ATVI,1,20200505,120000,68.0900000,68.1200000,68.0900000,68.1200000,800
US1.ATVI,1,20200505,120100,68.1100000,68.1700000,68.1100000,68.1700000,600
US1.ATVI,1,20200505,120200,68.1800000,68.2900000,68.1800000,68.2600000,1500
US1.ATVI,1,20200505,120300,68.2500000,68.2500000,68.2100000,68.2400000,1245
US1.ATVI,1,20200505,120400,68.2300000,68.2400000,68.1900000,68.1900000,1450
US1.ATVI,1,20200505,120500,68.1600000,68.1600000,68.1000000,68.1000000,1532
US1.ATVI,1,20200505,120600,68.0900000,68.1700000,68.0500000,68.1400000,2330
US1.ATVI,1,20200505,120700,68.1600000,68.1900000,68.1600000,68.1700000,500
US1.ATVI,1,20200505,120800,68.1400000,68.1400000,68.1400000,68.1400000,700
US1.ATVI,1,20200505,120900,68.1600000,68.1600000,68.1600000,68.1600000,100
US1.ATVI,1,20200505,121000,68.1300000,68.1500000,68.1300000,68.1400000,800
US1.ATVI,1,20200505,121100,68.1500000,68.1700000,68.1500000,68.1600000,800
US1.ATVI,1,20200505,121200,68.1550000,68.1550000,68.1300000,68.1500000,700
US1.ATVI,1,20200505,121300,68.1700000,68.2300000,68.1700000,68.2200000,2300
US1.ATVI,1,20200505,121400,68.1900000,68.1900000,68.1800000,68.1800000,200
US1.ATVI,1,20200505,121500,68.1600000,68.1600000,68.1550000,68.1550000,200
US1.ATVI,1,20200505,121600,68.1450000,68.1600000,68.1450000,68.1600000,400
US1.ATVI,1,20200505,121700,68.2100000,68.2100000,68.1700000,68.1700000,500
US1.ATVI,1,20200505,121800,68.1800000,68.2100000,68.1300000,68.2100000,6110
US1.ATVI,1,20200505,121900,68.2200000,68.2200000,68.2200000,68.2200000,300
US1.ATVI,1,20200505,122000,68.1900000,68.1900000,68.1800000,68.1800000,1177
US1.ATVI,1,20200505,122100,68.2100000,68.2100000,68.2050000,68.2100000,600
US1.ATVI,1,20200505,122200,68.2100000,68.2200000,68.1700000,68.1750000,700
US1.ATVI,1,20200505,122300,68.1700000,68.1700000,68.1150000,68.1150000,2805
US1.ATVI,1,20200505,122400,68.1000000,68.1500000,68.0900000,68.1500000,1300
US1.ATVI,1,20200505,122500,68.1000000,68.1000000,68.0800000,68.0800000,1300
US1.ATVI,1,20200505,122600,68.0800000,68.0900000,68.0300000,68.0300000,1547
US1.ATVI,1,20200505,122700,68.0300000,68.0300000,67.9800000,68.0000000,2686
US1.ATVI,1,20200505,122800,68.0100000,68.0500000,68.0100000,68.0400000,600
US1.ATVI,1,20200505,122900,68.0800000,68.0800000,68.0700000,68.0800000,798
US1.ATVI,1,20200505,123000,68.0550000,68.0550000,68.0550000,68.0550000,100
US1.ATVI,1,20200505,123100,68.0500000,68.0500000,68.0200000,68.0300000,700
US1.ATVI,1,20200505,123200,68.0900000,68.1000000,68.0900000,68.1000000,1108
US1.ATVI,1,20200505,123300,68.1200000,68.1200000,68.0900000,68.0900000,700
US1.ATVI,1,20200505,123400,68.1100000,68.1100000,68.1050000,68.1050000,200
US1.ATVI,1,20200505,123500,68.1100000,68.1100000,68.1000000,68.1000000,500
US1.ATVI,1,20200505,123600,68.0950000,68.1500000,68.0950000,68.1500000,1300
US1.ATVI,1,20200505,123700,68.1600000,68.1600000,68.1500000,68.1500000,1800
US1.ATVI,1,20200505,123800,68.1500000,68.1500000,68.0600000,68.0600000,600
US1.ATVI,1,20200505,123900,68.0350000,68.0900000,68.0350000,68.0900000,900
US1.ATVI,1,20200505,124000,68.0800000,68.0800000,68.0700000,68.0700000,200
US1.ATVI,1,20200505,124100,68.1000000,68.1100000,68.1000000,68.1100000,300
US1.ATVI,1,20200505,124200,68.1100000,68.1200000,68.1000000,68.1200000,1000
US1.ATVI,1,20200505,124300,68.1000000,68.1000000,68.0200000,68.0300000,1982
US1.ATVI,1,20200505,124400,68.0200000,68.0200000,67.9800000,67.9800000,973
US1.ATVI,1,20200505,124500,67.9400000,67.9400000,67.9000000,67.9000000,600
US1.ATVI,1,20200505,124600,67.8850000,67.9600000,67.8850000,67.9600000,1100
US1.ATVI,1,20200505,124700,67.9800000,68.0300000,67.9800000,68.0000000,700
US1.ATVI,1,20200505,124800,68.0000000,68.0500000,68.0000000,68.0500000,500
US1.ATVI,1,20200505,124900,68.0600000,68.0700000,68.0600000,68.0700000,200
US1.ATVI,1,20200505,125000,68.0600000,68.1100000,68.0600000,68.1000000,700
US1.ATVI,1,20200505,125100,68.1000000,68.1000000,68.0750000,68.0750000,400
US1.ATVI,1,20200505,125200,68.0800000,68.1000000,68.0800000,68.1000000,1200
US1.ATVI,1,20200505,125300,68.0900000,68.1300000,68.0900000,68.1300000,460
US1.ATVI,1,20200505,125400,68.1400000,68.1550000,68.1000000,68.1400000,2300
US1.ATVI,1,20200505,125500,68.1600000,68.2350000,68.1600000,68.2300000,1566
US1.ATVI,1,20200505,125600,68.2100000,68.2100000,68.0950000,68.0950000,706
US1.ATVI,1,20200505,125700,68.1100000,68.1450000,68.1100000,68.1300000,1800
US1.ATVI,1,20200505,125800,68.1300000,68.1350000,68.1100000,68.1100000,1200
US1.ATVI,1,20200505,125900,68.0900000,68.1000000,68.0800000,68.0900000,500
US1.ATVI,1,20200505,130000,68.0900000,68.1000000,68.0800000,68.1000000,1376
US1.ATVI,1,20200505,130100,68.0500000,68.0700000,68.0000000,68.0700000,4496
US1.ATVI,1,20200505,130200,68.0500000,68.0500000,67.9900000,68.0500000,2800
US1.ATVI,1,20200505,130300,68.0900000,68.0900000,68.0900000,68.0900000,100
US1.ATVI,1,20200505,130400,68.1000000,68.1000000,68.0500000,68.0500000,600
US1.ATVI,1,20200505,130500,67.9800000,68.0200000,67.9800000,68.0200000,648
US1.ATVI,1,20200505,130600,67.9800000,68.0200000,67.9500000,68.0200000,1960
US1.ATVI,1,20200505,130700,68.0200000,68.0500000,68.0000000,68.0200000,1920
US1.ATVI,1,20200505,130900,68.0000000,68.0000000,67.9400000,67.9500000,1865
US1.ATVI,1,20200505,131000,67.9400000,67.9600000,67.9200000,67.9200000,2900
US1.ATVI,1,20200505,131100,67.9300000,67.9700000,67.9300000,67.9700000,500
US1.ATVI,1,20200505,131200,67.9200000,67.9300000,67.9200000,67.9300000,700
US1.ATVI,1,20200505,131300,67.9200000,67.9300000,67.9200000,67.9300000,800
US1.ATVI,1,20200505,131400,67.9500000,67.9700000,67.9300000,67.9700000,1464
US1.ATVI,1,20200505,131500,67.9600000,67.9600000,67.9000000,67.9100000,2266
US1.ATVI,1,20200505,131600,67.9100000,67.9200000,67.8900000,67.9200000,537
US1.ATVI,1,20200505,131700,67.8900000,67.8900000,67.8850000,67.8900000,471
US1.ATVI,1,20200505,131800,67.8800000,67.9000000,67.8800000,67.9000000,500
US1.ATVI,1,20200505,132000,67.9000000,67.9000000,67.8800000,67.8800000,601
US1.ATVI,1,20200505,132100,67.8600000,67.8900000,67.7700000,67.8900000,3989
US1.ATVI,1,20200505,132200,67.8800000,67.9100000,67.8700000,67.8800000,1599
US1.ATVI,1,20200505,132300,67.9000000,67.9000000,67.9000000,67.9000000,100
US1.ATVI,1,20200505,132400,67.9300000,68.0400000,67.9300000,68.0400000,1400
US1.ATVI,1,20200505,132500,68.0350000,68.1300000,68.0350000,68.1300000,700
US1.ATVI,1,20200505,132600,68.1500000,68.1600000,68.0800000,68.0800000,1700
US1.ATVI,1,20200505,132700,68.0700000,68.0700000,68.0500000,68.0500000,900
US1.ATVI,1,20200505,132800,68.0400000,68.0500000,68.0400000,68.0400000,790
US1.ATVI,1,20200505,132900,68.0600000,68.1400000,68.0600000,68.1300000,780
US1.ATVI,1,20200505,133000,68.1100000,68.1300000,68.1100000,68.1100000,780
US1.ATVI,1,20200505,133100,68.1200000,68.1300000,68.1100000,68.1300000,947
US1.ATVI,1,20200505,133200,68.1400000,68.1550000,68.1400000,68.1500000,722
US1.ATVI,1,20200505,133300,68.1300000,68.2400000,68.1300000,68.2400000,1000
US1.ATVI,1,20200505,133400,68.2300000,68.2700000,68.2000000,68.2700000,1600
US1.ATVI,1,20200505,133500,68.2500000,68.2900000,68.2500000,68.2800000,1475
US1.ATVI,1,20200505,133600,68.2700000,68.3400000,68.2700000,68.3400000,990
US1.ATVI,1,20200505,133700,68.3200000,68.3200000,68.3100000,68.3100000,400
US1.ATVI,1,20200505,133800,68.3000000,68.3500000,68.3000000,68.3500000,1000
US1.ATVI,1,20200505,133900,68.3600000,68.3800000,68.3600000,68.3800000,900
US1.ATVI,1,20200505,134000,68.3800000,68.3800000,68.3100000,68.3100000,2237
US1.ATVI,1,20200505,134100,68.3100000,68.3200000,68.2800000,68.2800000,1554
US1.ATVI,1,20200505,134200,68.2600000,68.2600000,68.2500000,68.2500000,626
US1.ATVI,1,20200505,134300,68.2150000,68.2200000,68.1750000,68.1800000,1195
US1.ATVI,1,20200505,134400,68.1600000,68.1600000,68.1300000,68.1300000,1356
US1.ATVI,1,20200505,134500,68.1400000,68.2400000,68.1400000,68.2400000,1754
US1.ATVI,1,20200505,134600,68.2600000,68.3100000,68.2600000,68.3100000,400
US1.ATVI,1,20200505,134700,68.3400000,68.3500000,68.3400000,68.3500000,200
US1.ATVI,1,20200505,134800,68.3450000,68.3800000,68.3450000,68.3800000,400
US1.ATVI,1,20200505,134900,68.3700000,68.3700000,68.3500000,68.3500000,770
US1.ATVI,1,20200505,135000,68.3800000,68.4600000,68.3800000,68.4400000,3220
US1.ATVI,1,20200505,135100,68.4300000,68.4300000,68.3600000,68.3600000,600
US1.ATVI,1,20200505,135200,68.3800000,68.3800000,68.3500000,68.3500000,600
US1.ATVI,1,20200505,135300,68.3100000,68.3100000,68.3000000,68.3000000,1056
US1.ATVI,1,20200505,135400,68.3100000,68.3400000,68.3100000,68.3100000,700
US1.ATVI,1,20200505,135500,68.2900000,68.3500000,68.2900000,68.3500000,1385
US1.ATVI,1,20200505,135600,68.3200000,68.3300000,68.3100000,68.3300000,700
US1.ATVI,1,20200505,135700,68.3500000,68.3800000,68.3500000,68.3700000,1050
US1.ATVI,1,20200505,135800,68.3800000,68.4000000,68.3600000,68.4000000,1100
US1.ATVI,1,20200505,135900,68.4000000,68.4000000,68.3100000,68.3400000,2696
US1.ATVI,1,20200505,140000,68.3400000,68.4000000,68.3300000,68.3950000,1100
US1.ATVI,1,20200505,140100,68.3600000,68.3600000,68.3300000,68.3400000,780
US1.ATVI,1,20200505,140200,68.3500000,68.3500000,68.3500000,68.3500000,100
US1.ATVI,1,20200505,140300,68.3500000,68.3600000,68.3300000,68.3300000,811
US1.ATVI,1,20200505,140400,68.3300000,68.3300000,68.3300000,68.3300000,200
US1.ATVI,1,20200505,140500,68.3700000,68.3900000,68.3700000,68.3900000,200
US1.ATVI,1,20200505,140600,68.3900000,68.4100000,68.3450000,68.3450000,1200
US1.ATVI,1,20200505,140700,68.3200000,68.3200000,68.3100000,68.3100000,1051
US1.ATVI,1,20200505,140900,68.3250000,68.3300000,68.3000000,68.3000000,400
US1.ATVI,1,20200505,141000,68.3200000,68.3700000,68.3200000,68.3700000,400
US1.ATVI,1,20200505,141100,68.3600000,68.4100000,68.3600000,68.4000000,1998
US1.ATVI,1,20200505,141200,68.4000000,68.4300000,68.4000000,68.4300000,2131
US1.ATVI,1,20200505,141300,68.5000000,68.6000000,68.5000000,68.5800000,3087
US1.ATVI,1,20200505,141400,68.5800000,68.6250000,68.5700000,68.6200000,1843
US1.ATVI,1,20200505,141500,68.6300000,68.6600000,68.6100000,68.6600000,1600
US1.ATVI,1,20200505,141600,68.6500000,68.6500000,68.6100000,68.6200000,1062
US1.ATVI,1,20200505,141700,68.6400000,68.7700000,68.6400000,68.7700000,3700
US1.ATVI,1,20200505,141800,68.7600000,68.7800000,68.7400000,68.7600000,3117
US1.ATVI,1,20200505,141900,68.7700000,68.8000000,68.7650000,68.8000000,1744
US1.ATVI,1,20200505,142000,68.8300000,68.9200000,68.8300000,68.9200000,1100
US1.ATVI,1,20200505,142100,68.9100000,68.9600000,68.9050000,68.9600000,2000
US1.ATVI,1,20200505,142200,68.9700000,69.0350000,68.9650000,69.0000000,5257
US1.ATVI,1,20200505,142300,69.0000000,69.0200000,68.9950000,69.0200000,2199
US1.ATVI,1,20200505,142400,69.0200000,69.0200000,68.9700000,69.0100000,713
US1.ATVI,1,20200505,142500,69.0100000,69.1100000,68.9900000,69.1000000,4200
US1.ATVI,1,20200505,142600,69.1000000,69.1300000,69.0600000,69.0700000,3100
US1.ATVI,1,20200505,142700,69.0100000,69.0600000,69.0100000,69.0500000,2200
US1.ATVI,1,20200505,142800,69.0600000,69.0700000,69.0600000,69.0700000,1644
US1.ATVI,1,20200505,142900,69.0550000,69.1000000,69.0500000,69.0800000,1432
US1.ATVI,1,20200505,143000,69.0900000,69.1000000,69.0900000,69.1000000,400
US1.ATVI,1,20200505,143100,69.0700000,69.0700000,69.0500000,69.0600000,1000
US1.ATVI,1,20200505,143200,69.0700000,69.0700000,69.0700000,69.0700000,200
US1.ATVI,1,20200505,143300,69.0900000,69.1800000,69.0900000,69.1800000,2000
US1.ATVI,1,20200505,143400,69.1650000,69.2250000,69.1600000,69.1950000,2300
US1.ATVI,1,20200505,143500,69.1950000,69.2700000,69.1650000,69.1750000,4936
US1.ATVI,1,20200505,143600,69.1900000,69.2300000,69.1900000,69.2200000,1700
US1.ATVI,1,20200505,143700,69.2200000,69.2600000,69.1850000,69.2600000,2821
US1.ATVI,1,20200505,143800,69.2700000,69.2900000,69.2700000,69.2900000,1000
US1.ATVI,1,20200505,143900,69.2800000,69.3800000,69.2800000,69.3100000,4647
US1.ATVI,1,20200505,144000,69.3400000,69.3600000,69.2900000,69.3100000,3304
US1.ATVI,1,20200505,144100,69.3000000,69.3150000,69.0100000,69.0800000,7189
US1.ATVI,1,20200505,144200,69.1400000,69.1800000,69.0300000,69.1600000,6758
US1.ATVI,1,20200505,144300,69.1700000,69.2250000,69.1700000,69.2150000,3571
US1.ATVI,1,20200505,144400,69.2150000,69.2700000,69.2100000,69.2600000,8936
US1.ATVI,1,20200505,144500,69.1450000,69.2700000,69.1450000,69.2700000,2185
US1.ATVI,1,20200505,144600,69.3000000,69.3900000,69.2000000,69.2000000,5053
US1.ATVI,1,20200505,144700,69.2100000,69.3300000,69.2100000,69.3300000,3223
US1.ATVI,1,20200505,144800,69.3400000,69.3600000,69.2800000,69.3400000,2900
US1.ATVI,1,20200505,144900,69.3400000,69.3400000,69.2900000,69.2900000,1546
US1.ATVI,1,20200505,145000,69.2350000,69.2350000,69.2150000,69.2150000,400
US1.ATVI,1,20200505,145100,69.3000000,69.3100000,69.2100000,69.2100000,3737
US1.ATVI,1,20200505,145200,69.2400000,69.3000000,69.2000000,69.2000000,3670
US1.ATVI,1,20200505,145300,69.2000000,69.2050000,69.0800000,69.1200000,2609
US1.ATVI,1,20200505,145400,69.1400000,69.1800000,69.1200000,69.1400000,4818
US1.ATVI,1,20200505,145500,69.0900000,69.1600000,69.0900000,69.1600000,2628
US1.ATVI,1,20200505,145600,69.1600000,69.1600000,69.1100000,69.1100000,412
US1.ATVI,1,20200505,145700,69.1100000,69.2600000,69.1000000,69.2000000,6466
US1.ATVI,1,20200505,145800,69.2000000,69.2400000,69.2000000,69.2100000,1800
US1.ATVI,1,20200505,145900,69.2000000,69.2100000,69.1950000,69.2100000,3752
US1.ATVI,1,20200505,150000,69.2000000,69.3050000,69.2000000,69.3000000,1000
US1.ATVI,1,20200505,150100,69.2400000,69.2600000,69.2100000,69.2100000,956
US1.ATVI,1,20200505,150200,69.2500000,69.3200000,69.2500000,69.3000000,1652
US1.ATVI,1,20200505,150300,69.2900000,69.2900000,69.2400000,69.2500000,2000
US1.ATVI,1,20200505,150400,69.2500000,69.2500000,69.2100000,69.2500000,1897
US1.ATVI,1,20200505,150500,69.2400000,69.3000000,69.2400000,69.2900000,1700
US1.ATVI,1,20200505,150600,69.2800000,69.2900000,69.2300000,69.2900000,2513
US1.ATVI,1,20200505,150700,69.2900000,69.3300000,69.2900000,69.3300000,1999
US1.ATVI,1,20200505,150800,69.3300000,69.3700000,69.3100000,69.3600000,2442
US1.ATVI,1,20200505,150900,69.3500000,69.4200000,69.3500000,69.3900000,1720
US1.ATVI,1,20200505,151000,69.4400000,69.4700000,69.4300000,69.4700000,2296
US1.ATVI,1,20200505,151100,69.4700000,69.5400000,69.4700000,69.5400000,4976
US1.ATVI,1,20200505,151200,69.5500000,69.6200000,69.5400000,69.6100000,6237
US1.ATVI,1,20200505,151300,69.6000000,69.6000000,69.5250000,69.5300000,2400
US1.ATVI,1,20200505,151400,69.5100000,69.5400000,69.4950000,69.5400000,2504
US1.ATVI,1,20200505,151500,69.5500000,69.5500000,69.4900000,69.4950000,1607
US1.ATVI,1,20200505,151600,69.5000000,69.6200000,69.4950000,69.5100000,6800
US1.ATVI,1,20200505,151700,69.5100000,69.5300000,69.5000000,69.5100000,2700
US1.ATVI,1,20200505,151800,69.5000000,69.5100000,69.4750000,69.4850000,4716
US1.ATVI,1,20200505,151900,69.5000000,69.5100000,69.4950000,69.5000000,3200
US1.ATVI,1,20200505,152000,69.4900000,69.4950000,69.4500000,69.4550000,3900
US1.ATVI,1,20200505,152100,69.4500000,69.5200000,69.4500000,69.5100000,4100
US1.ATVI,1,20200505,152200,69.5000000,69.5000000,69.4550000,69.5000000,4204
US1.ATVI,1,20200505,152300,69.5000000,69.5000000,69.4700000,69.4800000,1535
US1.ATVI,1,20200505,152400,69.4900000,69.5100000,69.4900000,69.5000000,3588
US1.ATVI,1,20200505,152500,69.5000000,69.5400000,69.5000000,69.5150000,3490
US1.ATVI,1,20200505,152600,69.5000000,69.5550000,69.5000000,69.5150000,3709
US1.ATVI,1,20200505,152700,69.5200000,69.5300000,69.5000000,69.5000000,1697
US1.ATVI,1,20200505,152800,69.5000000,69.5000000,69.4400000,69.4500000,3626
US1.ATVI,1,20200505,152900,69.4300000,69.4300000,69.2900000,69.3000000,3404
US1.ATVI,1,20200505,153000,69.3200000,69.3300000,69.1600000,69.1800000,1736
US1.ATVI,1,20200505,153100,69.1700000,69.1700000,69.1000000,69.1000000,2585
US1.ATVI,1,20200505,153200,69.1100000,69.1400000,68.8900000,68.9200000,4656
US1.ATVI,1,20200505,153300,68.8500000,68.8500000,68.8100000,68.8300000,1797
US1.ATVI,1,20200505,153400,68.8100000,68.8100000,68.5800000,68.5800000,1128
US1.ATVI,1,20200505,153500,68.5900000,68.5900000,68.4700000,68.4950000,2850
US1.ATVI,1,20200505,153600,68.4950000,68.4950000,68.3900000,68.4850000,3081
US1.ATVI,1,20200505,153700,68.4750000,68.4800000,68.3400000,68.4800000,5350
US1.ATVI,1,20200505,153800,68.4800000,68.5650000,68.4700000,68.4900000,9991
US1.ATVI,1,20200505,153900,68.5200000,68.5400000,68.4700000,68.5400000,1927
US1.ATVI,1,20200505,154000,68.6200000,68.6700000,68.6100000,68.6400000,3499
US1.ATVI,1,20200505,154100,68.6200000,68.7100000,68.5800000,68.6700000,3349
US1.ATVI,1,20200505,154200,68.6650000,68.7200000,68.6500000,68.6800000,2180
US1.ATVI,1,20200505,154300,68.6400000,68.6500000,68.5700000,68.5700000,3584
US1.ATVI,1,20200505,154400,68.5200000,68.7000000,68.5200000,68.7000000,2527
US1.ATVI,1,20200505,154500,68.7300000,68.9500000,68.7300000,68.9100000,14642
US1.ATVI,1,20200505,154600,68.8900000,68.9000000,68.7550000,68.7700000,3668
US1.ATVI,1,20200505,154700,68.6700000,68.6700000,68.5500000,68.6600000,2488
US1.ATVI,1,20200505,154800,68.6700000,68.7300000,68.6200000,68.7100000,7200
US1.ATVI,1,20200505,154900,68.7200000,68.7300000,68.7100000,68.7200000,4777
US1.ATVI,1,20200505,155000,68.7200000,68.7900000,68.7150000,68.7800000,3540
US1.ATVI,1,20200505,155100,68.7800000,68.9450000,68.7800000,68.9450000,9263
US1.ATVI,1,20200505,155200,68.9200000,68.9550000,68.9100000,68.9150000,9500
US1.ATVI,1,20200505,155300,68.9200000,68.9300000,68.9100000,68.9300000,8817
US1.ATVI,1,20200505,155400,68.9250000,68.9300000,68.7600000,68.7600000,10305
US1.ATVI,1,20200505,155500,68.7700000,68.7700000,68.6000000,68.6650000,28229
US1.ATVI,1,20200505,155600,68.6200000,68.6200000,68.4200000,68.5300000,12185
US1.ATVI,1,20200505,155700,68.5350000,68.6100000,68.5000000,68.5500000,9192
US1.ATVI,1,20200505,155800,68.5500000,68.6100000,68.5250000,68.5700000,5582
US1.ATVI,1,20200505,155900,68.5600000,68.6000000,68.5400000,68.5700000,9901
US1.ATVI,1,20200505,160000,68.5500000,68.6100000,68.4900000,68.5300000,8949
US1.ATVI,1,20200506,093100,73.9750000,73.9750000,73.4250000,73.4900000,54354
US1.ATVI,1,20200506,093200,73.4900000,74.4700000,73.4700000,74.4700000,109624
US1.ATVI,1,20200506,093300,74.5000000,74.7700000,74.3200000,74.7500000,50830
US1.ATVI,1,20200506,093400,74.7400000,74.7800000,73.9200000,73.9900000,81291
US1.ATVI,1,20200506,093500,73.7700000,73.7700000,73.0000000,73.0300000,41107
US1.ATVI,1,20200506,093600,73.0200000,73.2200000,72.8500000,73.0600000,53952
US1.ATVI,1,20200506,093700,73.0300000,73.0500000,72.1900000,72.2000000,26682
US1.ATVI,1,20200506,093800,72.2000000,72.2200000,71.5000000,71.6800000,34874
US1.ATVI,1,20200506,093900,71.6700000,71.8300000,71.2200000,71.2600000,26548
US1.ATVI,1,20200506,094000,71.2600000,71.8400000,71.2600000,71.5200000,43248
US1.ATVI,1,20200506,094100,71.5300000,71.8800000,71.0800000,71.8700000,43520
US1.ATVI,1,20200506,094200,71.8600000,72.0900000,71.8250000,72.0350000,37744
US1.ATVI,1,20200506,094300,72.0350000,72.2100000,72.0000000,72.1100000,20650
US1.ATVI,1,20200506,094400,72.1000000,72.3300000,72.0800000,72.2500000,11826
US1.ATVI,1,20200506,094500,72.2600000,72.3100000,71.9800000,72.1200000,16800
US1.ATVI,1,20200506,094600,72.1100000,73.1600000,72.1100000,73.1600000,41003
US1.ATVI,1,20200506,094700,73.0900000,73.3800000,72.8400000,72.9200000,30977
US1.ATVI,1,20200506,094800,72.9000000,72.9300000,72.5000000,72.5600000,9755
US1.ATVI,1,20200506,094900,72.5600000,72.5900000,72.1400000,72.3100000,12490
US1.ATVI,1,20200506,095000,72.3600000,72.6300000,72.2400000,72.2500000,8895
US1.ATVI,1,20200506,095100,72.2700000,72.6400000,72.2700000,72.6200000,11236
US1.ATVI,1,20200506,095200,72.6300000,72.6900000,72.5000000,72.6800000,9996
US1.ATVI,1,20200506,095300,72.7200000,72.7200000,72.3300000,72.4100000,12498
US1.ATVI,1,20200506,095400,72.3600000,72.7000000,72.3600000,72.5800000,8898
US1.ATVI,1,20200506,095500,72.5400000,72.7000000,72.2600000,72.6600000,9895
US1.ATVI,1,20200506,095600,72.4650000,72.4700000,72.1900000,72.2100000,6764
US1.ATVI,1,20200506,095700,72.2000000,72.2500000,71.7900000,71.9000000,9786
US1.ATVI,1,20200506,095800,71.9100000,72.1100000,71.8800000,72.0600000,10887
US1.ATVI,1,20200506,095900,72.0700000,72.1500000,71.9700000,72.0000000,9168
US1.ATVI,1,20200506,100000,72.0300000,72.0400000,71.9050000,72.0250000,5802
US1.ATVI,1,20200506,100100,72.0700000,72.3200000,72.0050000,72.2600000,8649
US1.ATVI,1,20200506,100200,72.2400000,72.2400000,72.0750000,72.2000000,7568
US1.ATVI,1,20200506,100300,72.1900000,72.2200000,72.1000000,72.1000000,5920
US1.ATVI,1,20200506,100400,72.1000000,72.1300000,72.0600000,72.0750000,9495
US1.ATVI,1,20200506,100500,72.0850000,72.1000000,71.9000000,71.9500000,5048
US1.ATVI,1,20200506,100600,71.9200000,72.0250000,71.9100000,71.9700000,3900
US1.ATVI,1,20200506,100700,71.9900000,72.1800000,71.9900000,72.1150000,6414
US1.ATVI,1,20200506,100800,72.1500000,72.1900000,72.0800000,72.1000000,6300
US1.ATVI,1,20200506,100900,72.0900000,72.0900000,71.8000000,72.0100000,9972
US1.ATVI,1,20200506,101000,72.0300000,72.0600000,71.9500000,71.9650000,6201
US1.ATVI,1,20200506,101100,71.9950000,72.0700000,71.9950000,72.0400000,5489
US1.ATVI,1,20200506,101200,72.0400000,72.0400000,71.9200000,71.9400000,5653
US1.ATVI,1,20200506,101300,71.9400000,72.2400000,71.9400000,72.1900000,8571
US1.ATVI,1,20200506,101400,72.2400000,72.5700000,72.2400000,72.5000000,12801
US1.ATVI,1,20200506,101500,72.4700000,72.5800000,72.4000000,72.5400000,7200
US1.ATVI,1,20200506,101600,72.5500000,72.6400000,72.3800000,72.6000000,8156
US1.ATVI,1,20200506,101700,72.6100000,72.6700000,72.5800000,72.6400000,7078
US1.ATVI,1,20200506,101800,72.6700000,72.6700000,72.5100000,72.5100000,5034
US1.ATVI,1,20200506,101900,72.5300000,72.5400000,72.3900000,72.4500000,5495
US1.ATVI,1,20200506,102000,72.4700000,72.7000000,72.4300000,72.6500000,5224
US1.ATVI,1,20200506,102100,72.6000000,72.6000000,72.4500000,72.5100000,2900
US1.ATVI,1,20200506,102200,72.4650000,72.5150000,72.4500000,72.5100000,3226
US1.ATVI,1,20200506,102300,72.5500000,72.6700000,72.3100000,72.3100000,6052
US1.ATVI,1,20200506,102400,72.2700000,72.2800000,71.8700000,71.8700000,6534
US1.ATVI,1,20200506,102500,71.8850000,71.8850000,71.5900000,71.6100000,5769
US1.ATVI,1,20200506,102600,71.6200000,71.8200000,71.6000000,71.6600000,5563
US1.ATVI,1,20200506,102700,71.6400000,71.6900000,71.5700000,71.6500000,4930
US1.ATVI,1,20200506,102800,71.7200000,71.9800000,71.6600000,71.9600000,7250
US1.ATVI,1,20200506,102900,71.9500000,72.0000000,71.9100000,71.9400000,7639
US1.ATVI,1,20200506,103000,71.9300000,71.9600000,71.6600000,71.7500000,3732
US1.ATVI,1,20200506,103100,71.7700000,71.7700000,71.6600000,71.6900000,5261
US1.ATVI,1,20200506,103200,71.6700000,71.8200000,71.5000000,71.5900000,7948
US1.ATVI,1,20200506,103300,71.5900000,71.7800000,71.5800000,71.6700000,3799
US1.ATVI,1,20200506,103400,71.6400000,71.6400000,71.4200000,71.4900000,8261
US1.ATVI,1,20200506,103500,71.4700000,71.4700000,71.3400000,71.4550000,5344
US1.ATVI,1,20200506,103600,71.4800000,71.6800000,71.4800000,71.6500000,3472
US1.ATVI,1,20200506,103700,71.7300000,71.7800000,71.4900000,71.5300000,4899
US1.ATVI,1,20200506,103800,71.5700000,71.8600000,71.5100000,71.7500000,5422
US1.ATVI,1,20200506,103900,71.7200000,71.7200000,71.5600000,71.6500000,1750
US1.ATVI,1,20200506,104000,71.6300000,71.6900000,71.6200000,71.6300000,5211
US1.ATVI,1,20200506,104100,71.6850000,71.8050000,71.6850000,71.8050000,3300
US1.ATVI,1,20200506,104200,71.8600000,71.8900000,71.7800000,71.8100000,2978
US1.ATVI,1,20200506,104300,71.8100000,71.8500000,71.7900000,71.8300000,3300
US1.ATVI,1,20200506,104400,71.7700000,71.8700000,71.7400000,71.8600000,5841
US1.ATVI,1,20200506,104500,71.8900000,71.9800000,71.8700000,71.8700000,3500
US1.ATVI,1,20200506,104600,71.8900000,72.1400000,71.8900000,72.0600000,3300
US1.ATVI,1,20200506,104700,72.0600000,72.2400000,72.0600000,72.2400000,4090
US1.ATVI,1,20200506,104800,72.2300000,72.3400000,72.2200000,72.3400000,5900
US1.ATVI,1,20200506,104900,72.3900000,72.3900000,72.1900000,72.2500000,3199
US1.ATVI,1,20200506,105000,72.2150000,72.2150000,71.9100000,71.9200000,4681
US1.ATVI,1,20200506,105100,71.9300000,72.1200000,71.9300000,72.1200000,1995
US1.ATVI,1,20200506,105200,72.1000000,72.4000000,72.1000000,72.3600000,5340
US1.ATVI,1,20200506,105300,72.3800000,72.3900000,72.3200000,72.3900000,5068
US1.ATVI,1,20200506,105400,72.3700000,72.4400000,72.3300000,72.4400000,4392
US1.ATVI,1,20200506,105500,72.4300000,72.5200000,72.4200000,72.5200000,7608
US1.ATVI,1,20200506,105600,72.4800000,72.5600000,72.4400000,72.5500000,3507
US1.ATVI,1,20200506,105700,72.5700000,72.6300000,72.5300000,72.5400000,5800
US1.ATVI,1,20200506,105800,72.5600000,72.5600000,72.3900000,72.3900000,5602
US1.ATVI,1,20200506,105900,72.3900000,72.3900000,72.2600000,72.3000000,4575
US1.ATVI,1,20200506,110000,72.2600000,72.3500000,72.1900000,72.1900000,3503
US1.ATVI,1,20200506,110100,72.1900000,72.2000000,72.0700000,72.0800000,4869
US1.ATVI,1,20200506,110200,72.0900000,72.1000000,72.0000000,72.0800000,4137
US1.ATVI,1,20200506,110300,72.1100000,72.4300000,72.1100000,72.4300000,3863
US1.ATVI,1,20200506,110400,72.4500000,72.5800000,72.4300000,72.5800000,2601
US1.ATVI,1,20200506,110500,72.5600000,72.6200000,72.5400000,72.5400000,5648
US1.ATVI,1,20200506,110600,72.5300000,72.5700000,72.4300000,72.5400000,5728
US1.ATVI,1,20200506,110700,72.5750000,72.5750000,72.4500000,72.5600000,3896
US1.ATVI,1,20200506,110800,72.5500000,72.5500000,72.4200000,72.4500000,2899
US1.ATVI,1,20200506,110900,72.4700000,72.4700000,72.3750000,72.4500000,2742
US1.ATVI,1,20200506,111000,72.4300000,72.4800000,72.4200000,72.4800000,1629
US1.ATVI,1,20200506,111100,72.4900000,72.5400000,72.3800000,72.3900000,2254
US1.ATVI,1,20200506,111200,72.3900000,72.3900000,72.2100000,72.2100000,3036
US1.ATVI,1,20200506,111300,72.2000000,72.2600000,72.0700000,72.2200000,4604
US1.ATVI,1,20200506,111400,72.2200000,72.2200000,72.0300000,72.0700000,2450
US1.ATVI,1,20200506,111500,72.1150000,72.1150000,71.9600000,72.0600000,2567
US1.ATVI,1,20200506,111600,72.0800000,72.1800000,71.9600000,71.9600000,3533
US1.ATVI,1,20200506,111700,71.9800000,72.0600000,71.9400000,72.0200000,2290
US1.ATVI,1,20200506,111800,72.0400000,72.1700000,72.0200000,72.0900000,1980
US1.ATVI,1,20200506,111900,72.0900000,72.3500000,72.0900000,72.3500000,3388
US1.ATVI,1,20200506,112000,72.3500000,72.3500000,72.1500000,72.2200000,1703
US1.ATVI,1,20200506,112100,72.1500000,72.3200000,72.1500000,72.2600000,2610
US1.ATVI,1,20200506,112200,72.2500000,72.2900000,72.2000000,72.2000000,2900
US1.ATVI,1,20200506,112300,72.1800000,72.2000000,72.0600000,72.2000000,2100
US1.ATVI,1,20200506,112400,72.2300000,72.2300000,72.1500000,72.2000000,1017
US1.ATVI,1,20200506,112500,72.2400000,72.3400000,72.1900000,72.1900000,2381
US1.ATVI,1,20200506,112600,72.1600000,72.1900000,72.1100000,72.1600000,2339
US1.ATVI,1,20200506,112700,72.1600000,72.1800000,72.0900000,72.1300000,3487
US1.ATVI,1,20200506,112800,72.1500000,72.3400000,72.1200000,72.3300000,3533
US1.ATVI,1,20200506,112900,72.3400000,72.4100000,72.3100000,72.3900000,3613
US1.ATVI,1,20200506,113000,72.3800000,72.4100000,72.2500000,72.2800000,3408
US1.ATVI,1,20200506,113100,72.2700000,72.3100000,72.2300000,72.2600000,2653
US1.ATVI,1,20200506,113200,72.3100000,72.3400000,72.2000000,72.2100000,3700
US1.ATVI,1,20200506,113300,72.1900000,72.2100000,72.0300000,72.0400000,3430
US1.ATVI,1,20200506,113400,71.9900000,72.2000000,71.9850000,72.2000000,3398
US1.ATVI,1,20200506,113500,72.2400000,72.2400000,72.1200000,72.1200000,2223
US1.ATVI,1,20200506,113600,72.0900000,72.1000000,71.8500000,71.8500000,1925
US1.ATVI,1,20200506,113700,71.8500000,72.0200000,71.8500000,71.9400000,2801
US1.ATVI,1,20200506,113800,71.9600000,72.1500000,71.9600000,72.0700000,3740
US1.ATVI,1,20200506,113900,72.0400000,72.1200000,72.0400000,72.1200000,1566
US1.ATVI,1,20200506,114000,72.1250000,72.1250000,72.0400000,72.0800000,2255
US1.ATVI,1,20200506,114100,72.1000000,72.1000000,72.0500000,72.0500000,1217
US1.ATVI,1,20200506,114200,72.0500000,72.0700000,72.0300000,72.0600000,2300
US1.ATVI,1,20200506,114300,72.0500000,72.1000000,72.0100000,72.1000000,1902
US1.ATVI,1,20200506,114400,72.0900000,72.1100000,72.0800000,72.0800000,1198
US1.ATVI,1,20200506,114500,72.0600000,72.0600000,71.9800000,72.0300000,2002
US1.ATVI,1,20200506,114600,72.0400000,72.0400000,72.0200000,72.0200000,1400
US1.ATVI,1,20200506,114700,72.0400000,72.1200000,71.9900000,72.0800000,1300
US1.ATVI,1,20200506,114800,72.1200000,72.1200000,72.0700000,72.1000000,4200
US1.ATVI,1,20200506,114900,72.0900000,72.1100000,72.0900000,72.1100000,2277
US1.ATVI,1,20200506,115000,72.1100000,72.1100000,72.0500000,72.0800000,2506
US1.ATVI,1,20200506,115100,72.0300000,72.0300000,71.8500000,71.9300000,3680
US1.ATVI,1,20200506,115200,71.9300000,71.9400000,71.8800000,71.9400000,1414
US1.ATVI,1,20200506,115300,71.9700000,71.9800000,71.9000000,71.9000000,1200
US1.ATVI,1,20200506,115400,71.9000000,71.9200000,71.7450000,71.7600000,2820
US1.ATVI,1,20200506,115500,71.8100000,72.0200000,71.8100000,72.0200000,2301
US1.ATVI,1,20200506,115600,71.9600000,72.1300000,71.9300000,72.1000000,4162
US1.ATVI,1,20200506,115700,72.0400000,72.1200000,72.0100000,72.1200000,1998
US1.ATVI,1,20200506,115800,72.1150000,72.1150000,72.0000000,72.0000000,1664
US1.ATVI,1,20200506,115900,71.9900000,72.0600000,71.9900000,72.0400000,2100
US1.ATVI,1,20200506,120000,72.0200000,72.0400000,71.9400000,72.0400000,2400
US1.ATVI,1,20200506,120100,72.0300000,72.0300000,71.9300000,71.9300000,1099
US1.ATVI,1,20200506,120200,71.9200000,71.9900000,71.8600000,71.9800000,2173
US1.ATVI,1,20200506,120300,71.8800000,72.0250000,71.8800000,72.0200000,1300
US1.ATVI,1,20200506,120400,72.0500000,72.1100000,72.0500000,72.1100000,1816
US1.ATVI,1,20200506,120500,72.1100000,72.1300000,72.1000000,72.1100000,1400
US1.ATVI,1,20200506,120600,72.1100000,72.1100000,72.0600000,72.0600000,700
US1.ATVI,1,20200506,120700,72.0900000,72.0900000,72.0300000,72.0900000,600
US1.ATVI,1,20200506,120800,72.1200000,72.1200000,71.9950000,72.0050000,2495
US1.ATVI,1,20200506,120900,72.0000000,72.1100000,72.0000000,72.1100000,1400
US1.ATVI,1,20200506,121000,72.1100000,72.1100000,72.0300000,72.0300000,400
US1.ATVI,1,20200506,121100,72.0200000,72.0700000,72.0200000,72.0200000,800
US1.ATVI,1,20200506,121200,72.0500000,72.1000000,72.0300000,72.1000000,1300
US1.ATVI,1,20200506,121300,72.1000000,72.2000000,72.0900000,72.1600000,3300
US1.ATVI,1,20200506,121400,72.1500000,72.1700000,72.1100000,72.1500000,2547
US1.ATVI,1,20200506,121500,72.2200000,72.2600000,72.2000000,72.2400000,2595
US1.ATVI,1,20200506,121600,72.2200000,72.3300000,72.1700000,72.3300000,2100
US1.ATVI,1,20200506,121700,72.3300000,72.3700000,72.3100000,72.3300000,1916
US1.ATVI,1,20200506,121800,72.2900000,72.2900000,72.1000000,72.1700000,8310
US1.ATVI,1,20200506,121900,72.1800000,72.2400000,72.1800000,72.1900000,1200
US1.ATVI,1,20200506,122000,72.1900000,72.2600000,72.1800000,72.2550000,1800
US1.ATVI,1,20200506,122100,72.2500000,72.2500000,72.1400000,72.1400000,1464
US1.ATVI,1,20200506,122200,72.1400000,72.1800000,72.1400000,72.1800000,300
US1.ATVI,1,20200506,122300,72.2100000,72.2100000,71.9800000,72.0200000,2900
US1.ATVI,1,20200506,122400,72.0500000,72.0900000,72.0450000,72.0900000,1831
US1.ATVI,1,20200506,122500,72.1450000,72.1700000,72.1000000,72.1600000,1325
US1.ATVI,1,20200506,122600,72.1600000,72.1800000,72.1350000,72.1700000,1500
US1.ATVI,1,20200506,122700,72.1400000,72.1800000,72.1200000,72.1800000,1300
US1.ATVI,1,20200506,122800,72.1600000,72.2800000,72.1600000,72.2300000,800
US1.ATVI,1,20200506,122900,72.2300000,72.3200000,72.2300000,72.3000000,1399
US1.ATVI,1,20200506,123000,72.2600000,72.2600000,72.2000000,72.2300000,2254
US1.ATVI,1,20200506,123100,72.1900000,72.2000000,72.1500000,72.2000000,1900
US1.ATVI,1,20200506,123200,72.2600000,72.2600000,72.2200000,72.2200000,300
US1.ATVI,1,20200506,123300,72.1800000,72.2000000,72.1600000,72.2000000,1100
US1.ATVI,1,20200506,123400,72.1700000,72.2100000,72.1500000,72.1500000,2000
US1.ATVI,1,20200506,123500,72.1500000,72.1700000,72.1300000,72.1700000,800
US1.ATVI,1,20200506,123600,72.1900000,72.1900000,72.1500000,72.1700000,900
US1.ATVI,1,20200506,123700,72.1800000,72.2600000,72.1800000,72.2600000,800
US1.ATVI,1,20200506,123800,72.1800000,72.1900000,72.1700000,72.1700000,1300
US1.ATVI,1,20200506,123900,72.1600000,72.1600000,72.1300000,72.1600000,827
US1.ATVI,1,20200506,124000,72.1600000,72.1700000,72.0700000,72.1100000,2660
US1.ATVI,1,20200506,124100,72.1300000,72.2100000,72.1300000,72.2100000,2006
US1.ATVI,1,20200506,124200,72.2000000,72.4000000,72.2000000,72.3500000,6520
US1.ATVI,1,20200506,124300,72.3700000,72.3800000,72.3500000,72.3500000,1300
US1.ATVI,1,20200506,124400,72.3700000,72.3800000,72.3500000,72.3600000,2243
US1.ATVI,1,20200506,124500,72.3900000,72.3900000,72.3500000,72.3700000,1370
US1.ATVI,1,20200506,124600,72.3900000,72.3900000,72.3100000,72.3300000,1400
US1.ATVI,1,20200506,124700,72.3100000,72.3500000,72.3100000,72.3300000,1290
US1.ATVI,1,20200506,124800,72.3400000,72.3900000,72.3200000,72.3500000,2000
US1.ATVI,1,20200506,124900,72.3500000,72.3500000,72.3100000,72.3100000,1330
US1.ATVI,1,20200506,125000,72.2400000,72.3000000,72.2400000,72.3000000,600
US1.ATVI,1,20200506,125100,72.2900000,72.3400000,72.2900000,72.3400000,700
US1.ATVI,1,20200506,125200,72.3300000,72.3400000,72.2400000,72.2700000,1611
US1.ATVI,1,20200506,125300,72.2600000,72.2600000,72.1800000,72.2100000,1255
US1.ATVI,1,20200506,125400,72.2400000,72.2400000,72.1900000,72.1900000,1818
US1.ATVI,1,20200506,125500,72.2300000,72.2300000,72.1900000,72.2100000,600
US1.ATVI,1,20200506,125600,72.2600000,72.3000000,72.2600000,72.3000000,600
US1.ATVI,1,20200506,125700,72.3000000,72.3700000,72.3000000,72.3700000,3008
US1.ATVI,1,20200506,125800,72.3600000,72.4200000,72.3400000,72.4200000,2200
US1.ATVI,1,20200506,125900,72.4200000,72.4300000,72.4100000,72.4150000,2256
US1.ATVI,1,20200506,130000,72.4200000,72.4300000,72.3900000,72.4000000,2250
US1.ATVI,1,20200506,130100,72.3400000,72.3400000,72.1600000,72.1700000,700
US1.ATVI,1,20200506,130200,72.1600000,72.2100000,72.1300000,72.2000000,2900
US1.ATVI,1,20200506,130300,72.2100000,72.3200000,72.2100000,72.2800000,1694
US1.ATVI,1,20200506,130400,72.3300000,72.4000000,72.3200000,72.3400000,2970
US1.ATVI,1,20200506,130500,72.3600000,72.3900000,72.3600000,72.3900000,788
US1.ATVI,1,20200506,130600,72.4000000,72.4100000,72.3300000,72.3300000,1000
US1.ATVI,1,20200506,130700,72.4000000,72.4900000,72.4000000,72.4900000,2138
US1.ATVI,1,20200506,130800,72.5000000,72.5400000,72.4800000,72.4900000,3500
US1.ATVI,1,20200506,130900,72.5400000,72.6000000,72.5400000,72.5900000,2320
US1.ATVI,1,20200506,131000,72.6000000,72.6000000,72.5600000,72.5600000,1500
US1.ATVI,1,20200506,131100,72.5500000,72.5800000,72.5200000,72.5600000,2300
US1.ATVI,1,20200506,131200,72.6000000,72.6600000,72.5900000,72.5900000,11300
US1.ATVI,1,20200506,131300,72.6100000,72.8000000,72.6100000,72.7700000,11430
US1.ATVI,1,20200506,131400,72.7800000,72.8150000,72.7800000,72.8100000,1430
US1.ATVI,1,20200506,131500,72.8200000,72.8300000,72.7500000,72.7500000,800
US1.ATVI,1,20200506,131600,72.7800000,72.8800000,72.7800000,72.8650000,4180
US1.ATVI,1,20200506,131700,72.8700000,72.8800000,72.8200000,72.8500000,1882
US1.ATVI,1,20200506,131800,72.8400000,72.9100000,72.8300000,72.9100000,3000
US1.ATVI,1,20200506,131900,72.9000000,72.9100000,72.8950000,72.8950000,2300
US1.ATVI,1,20200506,132000,72.8800000,72.9600000,72.8800000,72.9600000,2246
US1.ATVI,1,20200506,132100,72.9800000,72.9800000,72.9700000,72.9700000,1000
US1.ATVI,1,20200506,132200,72.9900000,73.0200000,72.7200000,72.7200000,3121
US1.ATVI,1,20200506,132300,72.7000000,72.7700000,72.5400000,72.5800000,1666
US1.ATVI,1,20200506,132400,72.5850000,72.5850000,72.4200000,72.4400000,1938
US1.ATVI,1,20200506,132500,72.4900000,72.6400000,72.4900000,72.6300000,2296
US1.ATVI,1,20200506,132600,72.6500000,72.6800000,72.5300000,72.5300000,1685
US1.ATVI,1,20200506,132700,72.5100000,72.6000000,72.5000000,72.6000000,1500
US1.ATVI,1,20200506,132800,72.6200000,72.6500000,72.5900000,72.6400000,600
US1.ATVI,1,20200506,132900,72.6300000,72.6700000,72.6100000,72.6100000,895
US1.ATVI,1,20200506,133000,72.6300000,72.6300000,72.4600000,72.4600000,1400
US1.ATVI,1,20200506,133100,72.4500000,72.5000000,72.4400000,72.4400000,600
US1.ATVI,1,20200506,133200,72.4500000,72.4900000,72.4500000,72.4800000,3921
US1.ATVI,1,20200506,133300,72.5000000,72.5000000,72.4400000,72.4800000,700
US1.ATVI,1,20200506,133400,72.5000000,72.6200000,72.5000000,72.6000000,1100
US1.ATVI,1,20200506,133500,72.5700000,72.6200000,72.5700000,72.6200000,300
US1.ATVI,1,20200506,133600,72.6800000,72.8400000,72.6800000,72.8100000,2997
US1.ATVI,1,20200506,133700,72.8200000,72.9500000,72.8200000,72.9500000,2551
US1.ATVI,1,20200506,133800,72.9700000,73.0100000,72.9300000,72.9750000,2950
US1.ATVI,1,20200506,133900,72.9850000,72.9850000,72.9200000,72.9400000,2840
US1.ATVI,1,20200506,134000,72.9400000,73.0300000,72.9100000,73.0300000,3011
US1.ATVI,1,20200506,134100,73.0200000,73.0700000,73.0200000,73.0700000,3100
US1.ATVI,1,20200506,134200,73.0700000,73.0800000,72.9600000,73.0200000,3700
US1.ATVI,1,20200506,134300,73.0450000,73.0500000,72.9900000,73.0100000,2600
US1.ATVI,1,20200506,134400,73.0000000,73.0600000,72.9900000,72.9900000,1300
US1.ATVI,1,20200506,134500,72.9900000,73.0200000,72.9900000,73.0000000,1598
US1.ATVI,1,20200506,134600,73.0200000,73.1900000,73.0100000,73.1800000,7082
US1.ATVI,1,20200506,134700,73.1600000,73.2300000,73.1600000,73.2000000,2291
US1.ATVI,1,20200506,134800,73.1800000,73.2800000,73.1800000,73.2000000,2600
US1.ATVI,1,20200506,134900,73.2200000,73.3050000,73.1600000,73.3000000,2973
US1.ATVI,1,20200506,135000,73.3050000,73.3900000,73.2800000,73.3900000,7800
US1.ATVI,1,20200506,135100,73.3300000,73.4000000,73.3100000,73.4000000,2402
US1.ATVI,1,20200506,135200,73.3800000,73.3800000,73.2000000,73.2300000,2591
US1.ATVI,1,20200506,135300,73.1700000,73.2000000,73.0600000,73.0800000,3237
US1.ATVI,1,20200506,135400,73.0800000,73.0900000,72.9500000,72.9700000,4570
US1.ATVI,1,20200506,135500,72.9500000,72.9900000,72.8900000,72.9700000,1100
US1.ATVI,1,20200506,135600,73.0000000,73.0600000,72.8750000,72.8900000,1438
US1.ATVI,1,20200506,135700,72.8800000,72.9000000,72.8600000,72.9000000,2500
US1.ATVI,1,20200506,135800,72.8500000,72.8700000,72.8200000,72.8700000,800
US1.ATVI,1,20200506,135900,72.8950000,72.9050000,72.8500000,72.8800000,2042
US1.ATVI,1,20200506,140000,72.9350000,72.9800000,72.9100000,72.9500000,2000
US1.ATVI,1,20200506,140100,72.9200000,72.9200000,72.7600000,72.8600000,4084
US1.ATVI,1,20200506,140200,72.7900000,72.7900000,72.7700000,72.7700000,400
US1.ATVI,1,20200506,140300,72.7000000,72.7000000,72.5800000,72.6800000,1210
US1.ATVI,1,20200506,140400,72.6900000,72.6900000,72.6100000,72.6100000,1538
US1.ATVI,1,20200506,140500,72.6300000,72.6300000,72.5350000,72.5350000,2144
US1.ATVI,1,20200506,140600,72.5300000,72.5700000,72.5050000,72.5700000,2150
US1.ATVI,1,20200506,140700,72.5750000,72.7150000,72.5600000,72.7150000,900
US1.ATVI,1,20200506,140800,72.7400000,72.8000000,72.7100000,72.7300000,2069
US1.ATVI,1,20200506,140900,72.7400000,72.7400000,72.5900000,72.5900000,1400
US1.ATVI,1,20200506,141000,72.6000000,72.6050000,72.5600000,72.5600000,900
US1.ATVI,1,20200506,141100,72.5800000,72.6700000,72.5800000,72.6000000,1400
US1.ATVI,1,20200506,141200,72.5600000,72.5800000,72.5300000,72.5300000,939
US1.ATVI,1,20200506,141300,72.5800000,72.5800000,72.5000000,72.5100000,2600
US1.ATVI,1,20200506,141400,72.5200000,72.5800000,72.5200000,72.5700000,1200
US1.ATVI,1,20200506,141500,72.5800000,72.5800000,72.5200000,72.5300000,1531
US1.ATVI,1,20200506,141600,72.5500000,72.7300000,72.5500000,72.6900000,4217
US1.ATVI,1,20200506,141700,72.8000000,72.9200000,72.7900000,72.9200000,1091
US1.ATVI,1,20200506,141800,72.9000000,72.9100000,72.8700000,72.9100000,1900
US1.ATVI,1,20200506,141900,72.8600000,72.8800000,72.8200000,72.8300000,1550
US1.ATVI,1,20200506,142000,72.8500000,72.8700000,72.8200000,72.8200000,1600
US1.ATVI,1,20200506,142100,72.8150000,72.8900000,72.8150000,72.8900000,935
US1.ATVI,1,20200506,142200,72.8800000,72.8900000,72.8600000,72.8800000,1333
US1.ATVI,1,20200506,142300,72.8600000,72.8700000,72.8000000,72.8150000,2389
US1.ATVI,1,20200506,142400,72.8300000,72.8300000,72.6400000,72.6600000,3300
US1.ATVI,1,20200506,142500,72.6600000,72.7900000,72.6600000,72.7900000,602
US1.ATVI,1,20200506,142600,72.7800000,72.8300000,72.7800000,72.8200000,917
US1.ATVI,1,20200506,142700,72.8150000,72.9200000,72.8100000,72.9200000,4036
US1.ATVI,1,20200506,142800,72.8900000,73.0300000,72.8900000,73.0300000,1787
US1.ATVI,1,20200506,142900,73.0200000,73.2100000,73.0200000,73.1900000,3596
US1.ATVI,1,20200506,143000,73.1100000,73.2400000,73.1050000,73.2400000,3800
US1.ATVI,1,20200506,143100,73.2200000,73.2600000,73.1400000,73.2600000,3870
US1.ATVI,1,20200506,143200,73.2700000,73.3600000,73.2700000,73.3100000,3199
US1.ATVI,1,20200506,143300,73.3300000,73.3900000,73.2800000,73.2800000,2100
US1.ATVI,1,20200506,143400,73.2500000,73.2500000,73.1200000,73.1200000,1300
US1.ATVI,1,20200506,143500,73.0700000,73.1150000,73.0400000,73.0400000,1200
US1.ATVI,1,20200506,143600,73.0100000,73.0100000,72.8200000,72.8500000,2861
US1.ATVI,1,20200506,143700,72.8500000,72.9300000,72.8300000,72.8900000,1600
US1.ATVI,1,20200506,143800,72.8750000,72.8900000,72.8000000,72.8600000,1499
US1.ATVI,1,20200506,143900,72.8800000,72.8800000,72.8600000,72.8700000,900
US1.ATVI,1,20200506,144000,72.8700000,72.8700000,72.8100000,72.8600000,1400
US1.ATVI,1,20200506,144100,72.8600000,72.9800000,72.8600000,72.9000000,2000
US1.ATVI,1,20200506,144200,72.8500000,72.8500000,72.8000000,72.8000000,1185
US1.ATVI,1,20200506,144300,72.7600000,72.7600000,72.6400000,72.6400000,1500
US1.ATVI,1,20200506,144400,72.6500000,72.7400000,72.6500000,72.6900000,1591
US1.ATVI,1,20200506,144500,72.6500000,72.6900000,72.6400000,72.6900000,1100
US1.ATVI,1,20200506,144600,72.7000000,72.7000000,72.6600000,72.7000000,1200
US1.ATVI,1,20200506,144700,72.7000000,72.7000000,72.5500000,72.5700000,2100
US1.ATVI,1,20200506,144800,72.5700000,72.6500000,72.5700000,72.6400000,990
US1.ATVI,1,20200506,144900,72.5200000,72.5700000,72.5000000,72.5700000,1100
US1.ATVI,1,20200506,145000,72.6900000,72.7600000,72.6900000,72.7600000,2628
US1.ATVI,1,20200506,145100,72.7100000,72.7100000,72.6400000,72.6400000,981
US1.ATVI,1,20200506,145200,72.6800000,72.6850000,72.6200000,72.6200000,500
US1.ATVI,1,20200506,145300,72.6400000,72.6550000,72.6350000,72.6400000,1300
US1.ATVI,1,20200506,145400,72.6600000,72.6900000,72.6600000,72.6900000,1211
US1.ATVI,1,20200506,145500,72.7100000,72.7300000,72.6700000,72.6700000,787
US1.ATVI,1,20200506,145600,72.6900000,72.7200000,72.6900000,72.6900000,2138
US1.ATVI,1,20200506,145700,72.7000000,72.7100000,72.6600000,72.7100000,1600
US1.ATVI,1,20200506,145800,72.7100000,72.7350000,72.7000000,72.7350000,500
US1.ATVI,1,20200506,145900,72.7200000,72.7200000,72.5800000,72.5800000,800
US1.ATVI,1,20200506,150000,72.5300000,72.5300000,72.3800000,72.3800000,1500
US1.ATVI,1,20200506,150100,72.3400000,72.4600000,72.3400000,72.3700000,2316
US1.ATVI,1,20200506,150200,72.4000000,72.4600000,72.4000000,72.4500000,899
US1.ATVI,1,20200506,150300,72.4100000,72.4400000,72.4000000,72.4400000,1080
US1.ATVI,1,20200506,150400,72.3750000,72.4200000,72.3700000,72.4200000,600
US1.ATVI,1,20200506,150500,72.4650000,72.5200000,72.4450000,72.4750000,2500
US1.ATVI,1,20200506,150600,72.4750000,72.6000000,72.4750000,72.5200000,1192
US1.ATVI,1,20200506,150700,72.5600000,72.6400000,72.5600000,72.6400000,400
US1.ATVI,1,20200506,150800,72.6400000,72.6400000,72.6300000,72.6300000,450
US1.ATVI,1,20200506,150900,72.6300000,72.6300000,72.5500000,72.5600000,1055
US1.ATVI,1,20200506,151000,72.5550000,72.6000000,72.5200000,72.6000000,1600
US1.ATVI,1,20200506,151100,72.6000000,72.6700000,72.6000000,72.6600000,1500
US1.ATVI,1,20200506,151200,72.6600000,72.6700000,72.5200000,72.5500000,1677
US1.ATVI,1,20200506,151300,72.5600000,72.6400000,72.5600000,72.6400000,1400
US1.ATVI,1,20200506,151400,72.6500000,72.6800000,72.6500000,72.6600000,779
US1.ATVI,1,20200506,151500,72.6400000,72.6700000,72.5700000,72.6600000,2456
US1.ATVI,1,20200506,151600,72.6800000,72.7400000,72.6550000,72.7000000,3360
US1.ATVI,1,20200506,151700,72.6500000,72.7800000,72.6500000,72.7700000,2512
US1.ATVI,1,20200506,151800,72.7600000,72.7600000,72.6500000,72.6500000,2353
US1.ATVI,1,20200506,151900,72.6550000,72.7100000,72.6500000,72.7100000,1355
US1.ATVI,1,20200506,152000,72.7500000,72.9200000,72.7500000,72.9200000,2161
US1.ATVI,1,20200506,152100,72.9300000,72.9300000,72.8000000,72.9200000,4392
US1.ATVI,1,20200506,152200,72.9000000,72.9100000,72.7600000,72.7600000,2200
US1.ATVI,1,20200506,152300,72.8200000,72.8700000,72.8200000,72.8550000,1567
US1.ATVI,1,20200506,152400,72.8200000,72.8400000,72.7600000,72.8100000,2600
US1.ATVI,1,20200506,152500,72.7700000,72.7800000,72.7300000,72.7400000,3200
US1.ATVI,1,20200506,152600,72.7600000,72.8000000,72.7300000,72.7600000,3151
US1.ATVI,1,20200506,152700,72.8300000,72.9000000,72.8300000,72.8800000,1504
US1.ATVI,1,20200506,152800,72.8500000,72.8500000,72.7700000,72.8400000,2700
US1.ATVI,1,20200506,152900,72.8500000,72.8700000,72.8300000,72.8400000,1983
US1.ATVI,1,20200506,153000,72.8300000,72.8600000,72.8100000,72.8350000,2600
US1.ATVI,1,20200506,153100,72.8250000,72.8250000,72.6300000,72.7050000,9404
US1.ATVI,1,20200506,153200,72.7100000,72.7300000,72.6400000,72.6400000,2465
US1.ATVI,1,20200506,153300,72.6500000,72.7000000,72.6350000,72.6350000,3047
US1.ATVI,1,20200506,153400,72.6000000,72.6000000,72.4600000,72.4600000,1234
US1.ATVI,1,20200506,153500,72.4700000,72.4700000,72.3600000,72.3600000,1900
US1.ATVI,1,20200506,153600,72.3600000,72.4050000,72.3400000,72.3900000,3418
US1.ATVI,1,20200506,153700,72.4000000,72.4700000,72.3550000,72.4100000,4266
US1.ATVI,1,20200506,153800,72.4500000,72.4500000,72.1800000,72.2100000,4390
US1.ATVI,1,20200506,153900,72.2300000,72.2400000,72.1200000,72.1700000,3790
US1.ATVI,1,20200506,154000,72.1800000,72.2200000,72.1000000,72.1200000,5142
US1.ATVI,1,20200506,154100,72.1500000,72.3700000,72.1500000,72.3500000,4200
US1.ATVI,1,20200506,154200,72.3500000,72.4400000,72.3400000,72.3700000,4085
US1.ATVI,1,20200506,154300,72.3300000,72.5200000,72.3300000,72.5200000,4053
US1.ATVI,1,20200506,154400,72.5300000,72.5300000,72.4600000,72.5100000,3834
US1.ATVI,1,20200506,154500,72.5000000,72.5700000,72.5000000,72.5600000,2600
US1.ATVI,1,20200506,154600,72.5500000,72.5900000,72.5400000,72.5900000,2879
US1.ATVI,1,20200506,154700,72.5900000,72.6100000,72.4000000,72.5000000,4206
US1.ATVI,1,20200506,154800,72.5050000,72.6000000,72.5050000,72.5700000,4306
US1.ATVI,1,20200506,154900,72.5500000,72.5800000,72.5200000,72.5700000,1426
US1.ATVI,1,20200506,155000,72.5700000,72.5700000,72.4200000,72.4200000,4734
US1.ATVI,1,20200506,155100,72.3900000,72.5000000,72.3600000,72.5000000,5139
US1.ATVI,1,20200506,155200,72.5200000,72.5900000,72.4100000,72.4100000,7103
US1.ATVI,1,20200506,155300,72.4100000,72.4500000,72.3850000,72.4500000,4007
US1.ATVI,1,20200506,155400,72.4600000,72.5500000,72.4100000,72.5500000,5469
US1.ATVI,1,20200506,155500,72.5700000,72.5700000,72.4300000,72.5050000,4935
US1.ATVI,1,20200506,155600,72.5200000,72.6850000,72.5100000,72.6700000,7651
US1.ATVI,1,20200506,155700,72.6900000,72.8000000,72.6900000,72.7800000,14699
US1.ATVI,1,20200506,155800,72.7800000,72.8500000,72.7650000,72.8300000,7205
US1.ATVI,1,20200506,155900,72.8250000,72.8700000,72.7700000,72.8700000,8972
US1.ATVI,1,20200506,160000,72.8600000,72.9800000,72.8300000,72.8300000,24755
